   ETEX Release 1 on 23 October 1994    PMCH concentrations in ng/m3 above ambient level         Version etex1_v1.1.960505                                       
              1     2     3     4     5     6     7     8     9    10    11    12    13    14    15    16    17    18    19    20    21    22    23    24    25    26    27    28    29    30
   1  A01   -.99  -.99  -.99  -.99  -.99   .00   .00   .00   .00   .00   .00   .00   .00   .00   .00   .00   .00   .00   .00   .00   .00   .00   .00   .00   .00   .00   .00   .00   .00  -.99
   2  A02   -.99  -.99  -.99  -.99  -.99   .00   .00   .00   .00   .01   .02   .07   .04   .02   .02   .02   .03   .03   .03   .01   .04   .01   .04   .01   .02   .01   .01   .02   .03  -.99
   3  A03   -.99  -.99  -.99  -.99  -.99   .00   .00   .00   .00   .00   .00   .00   .00   .00   .00   .00   .00   .00   .00   .00   .00   .00   .00   .00   .00   .00   .00   .00   .00  -.99
   4  A04   -.99  -.99  -.99  -.99  -.99   .00   .00   .00   .00   .00   .00   .00   .00   .00   .00   .00   .00   .00   .00   .00   .00   .00   .00   .00   .00   .00   .00   .00   .00  -.99
   5  A05   -.99  -.99  -.99  -.99  -.99   .00   .00   .00   .00   .00   .00   .00   .00   .00   .00   .00   .00   .00   .00   .00   .00   .00   .00   .00   .00   .00   .00   .00   .00  -.99
   6  A06   -.99  -.99  -.99  -.99  -.99  -.99   .00   .00   .00   .00   .00   .00   .00   .00   .00   .00   .00   .00   .00   .00   .00   .00   .00   .00   .00   .00   .00   .00   .00  -.99
   7  A07   -.99  -.99  -.99  -.99  -.99   .00   .00   .00   .00   .00   .00   .00   .00   .00   .00   .00   .00   .00   .00   .00   .00   .00   .00   .00   .00   .00   .00   .00   .00  -.99
   8  A08   -.99  -.99  -.99  -.99  -.99  -.99  -.99  -.99  -.99  -.99  -.99  -.99  -.99   .09   .07   .01   .00   .00   .00   .03   .04  -.99  -.99  -.99  -.99  -.99  -.99  -.99  -.99  -.99
   9  B01   -.99  -.88  -.88  -.88  -.88  -.88  -.88  -.88  -.88  -.88   .11  -.88   .07   .00   .07  -.88   .07   .00   .00   .00  -.99  -.99  -.99  -.99  -.99  -.99  -.99  -.99  -.99  -.99
  10  B02   -.99  -.99  -.99  -.99  -.99  -.99  -.99  -.99  -.99  -.99  -.99  -.99  -.99  -.99  -.99  -.99  -.99  -.99  -.99  -.99  -.99  -.99  -.99  -.99  -.99  -.99  -.99  -.99  -.99  -.99
  11  B03   -.99   .00   .00   .00   .00   .01   .01   .00   .02   .55   .40   .15   .03   .00   .00   .00   .00   .00   .00   .00   .00   .00   .00   .00   .00  -.99  -.99  -.99  -.99  -.99
  12  B04   -.99   .00   .00   .00   .00  -.99  -.99  -.99   .00  1.03  2.50   .66   .04  -.99  -.99  -.99  -.99  -.99  -.99  -.99  -.99  -.99  -.99  -.99  -.99  -.99  -.99  -.99  -.99  -.99
  13  B05   -.99   .00   .00  -.99   .00   .05   .00   .00   .00   .70   .38   .03   .00   .00   .00   .00   .00   .00   .00   .00   .00   .00   .00   .00   .00  -.99  -.99  -.99  -.99  -.99
  14  BG01  -.99  -.99  -.99  -.99  -.99  -.99  -.99  -.99  -.99  -.99  -.99  -.99  -.99  -.99  -.99  -.99  -.99  -.99  -.99   .00   .36   .34   .31  -.99   .00   .01   .01   .01   .00   .00
  15  BG02  -.99  -.99  -.99  -.99  -.99  -.99  -.99   .00   .00   .00   .00   .00   .00   .00   .00   .00   .00   .00   .03   .02   .00   .00   .00   .00   .00   .00   .00   .00   .00   .00
  16  CH01  -.99   .00   .00   .00   .00   .00   .00   .00   .00   .00   .00   .00   .00   .00   .00   .00   .00   .00   .00   .00   .00   .00   .00   .00   .00  -.99  -.99  -.99  -.99  -.99
  17  CH02  -.99   .00   .00   .00   .00   .00   .00   .00   .00   .00   .00   .00   .00   .00   .00   .00   .00   .00   .00   .00   .00   .00   .00   .00   .00  -.99  -.99  -.99  -.99  -.99
  18  CH03  -.99  -.99  -.99  -.99  -.99  -.99  -.99  -.99  -.99   .00   .00   .00   .00   .00   .00   .00   .00  -.99  -.99  -.99  -.99  -.99  -.99  -.99  -.99  -.99  -.99  -.99  -.99  -.99
  19  CH04  -.99   .00   .00   .00   .00   .00   .00   .00   .00   .00   .00   .00   .00   .00   .00   .00   .00   .00   .00   .00   .00   .00   .00   .00   .00  -.99  -.99  -.99  -.99  -.99
  20  CR01  -.99  -.99  -.99  -.99  -.99   .00   .00   .00   .00   .02   .01   .04   .01   .09   .21   .47   .48  -.88   .57   .50   .42   .30   .22   .17   .14   .10   .06   .09   .07  -.99
  21  CR02  -.99  -.99  -.99  -.99  -.99   .00   .00   .00   .00   .00   .00   .05   .16   .38   .45   .34   .38   .36   .27   .12  -.88   .00   .00   .00   .00  -.99  -.99  -.99  -.99  -.99
  22  CR03  -.99  -.99  -.99  -.99  -.99   .00   .00   .00   .00   .00   .02   .24   .44   .57   .31   .04   .04   .03   .02   .00   .00   .00   .00   .00   .01   .00   .00   .00   .00  -.99
  23  CR04  -.99  -.99  -.99  -.99  -.99   .00   .00   .00   .00   .00   .11   .39   .15   .23   .08   .03   .00   .00   .00   .00   .00   .00  -.99   .00  -.99   .00  -.99   .00  -.99  -.99
  24  D01   -.99  -.88  -.88  -.88  -.88  -.88  -.88   .00   .00   .00   .00   .03   .10  -.88  -.88  -.88  -.88  -.88  -.88   .02  -.88   .04  -.88  -.88  -.88  -.99  -.99  -.99  -.99  -.99
  25  D02   -.99   .00   .00   .00   .00   .00   .00   .00   .00   .00   .00   .00   .00   .01   .02   .12   .10   .12   .30   .35   .21   .01   .00   .00   .00  -.99  -.99  -.99  -.99  -.99
  26  D03   -.99  -.88  -.99  -.99  -.88  -.88  -.88  -.88   .00   .00   .00  -.88  -.88  -.88  -.88  -.88   .01  -.88  -.88  -.99  -.99  -.99  -.99  -.99  -.99  -.99  -.99  -.99  -.99  -.99
  27  D04   -.99  -.88  -.88  -.88  -.88   .20   .02   .04   .12   .03   .03  -.88  -.88  -.88  -.88  -.88  -.88  -.99  -.99  -.99  -.99  -.99  -.99  -.99  -.99  -.99  -.99  -.99  -.99  -.99
  28  D05   -.99  -.88  -.88  -.88  -.88  -.88   .00   .00   .00   .00   .01   .18   .47   .62  1.02   .86   .36   .18   .04   .00   .00   .00   .00   .00   .00  -.99  -.99  -.99  -.99  -.99
  29  D06   -.99   .00   .00   .00   .00   .00   .00   .00   .00   .02   .00   .04   .89  2.50   .63   .10   .03   .39  -.99   .08  -.99   .00  -.99   .00  -.99  -.99  -.99  -.99  -.99  -.99
  30  D07   -.99   .00  -.88  -.99  -.99  -.99  -.99  -.99  -.99  -.88   .07   .10  5.21  -.99  -.99   .57  -.99  -.99  -.99  -.99  -.99  -.99  -.99  -.99  -.99  -.99  -.99  -.99  -.99  -.99
  31  D08   -.99   .00   .00   .00   .00   .00   .00   .00   .00   .00   .00  -.88   .11  -.88   .52   .34   .28   .06   .00   .00   .00   .00   .00   .00   .00  -.99  -.99  -.99  -.99  -.99
  32  D09   -.99  -.88   .00   .00   .00   .00   .00   .00   .00   .02   .36   .39   .43   .46   .33   .31   .23   .16   .04   .01   .01   .00   .00   .00   .00  -.99  -.99  -.99  -.99  -.99
  33  D10   -.99  -.88  -.88   .00   .00   .00   .03   .07   .03   .23  2.55  1.91   .68   .11   .01   .00   .00   .00   .00   .00   .00   .00   .00   .00   .00  -.99  -.99  -.99  -.99  -.99
  34  D11   -.99  -.99  -.99  -.99  -.99  -.99  -.99  -.99  -.99  -.99  -.99  -.99  -.99  -.99  -.99  -.99  -.99  -.99  -.99  -.99  -.99  -.99  -.99  -.99  -.99  -.99  -.99  -.99  -.99  -.99
  35  D12   -.99   .00   .00  -.88  -.88  -.88  -.88  -.88   .00   .40  -.88  -.88  -.88  -.88  -.88  -.88  -.88  -.88  -.88  -.88  -.88  -.88  -.88  -.88  -.88  -.99  -.99  -.99  -.99  -.99
  36  D13   -.99   .00   .00   .00   .00   .00   .06   .71   .79  2.11  1.24   .47   .09   .04   .03   .00   .00  -.99  -.99  -.99  -.99  -.99  -.99  -.99  -.99  -.99  -.99  -.99  -.99  -.99
  37  D14   -.99   .00  -.88  -.88   .00  -.88   .00   .00   .00   .00   .00   .17   .42   .47   .72   .27   .26   .14   .10   .07   .02   .00   .00   .00   .00  -.99  -.99  -.99  -.99  -.99
  38  D15   -.99   .00   .00   .00   .00   .00   .00   .00   .00   .00   .00   .00   .00   .08   .03   .10   .04   .08   .29   .26   .05   .00   .00   .00   .00  -.99  -.99  -.99  -.99  -.99
  39  D16   -.99   .00   .00   .00   .00   .00   .00   .01   .00   .01   .00   .00   .02   .09   .11   .15   .11   .01   .00   .00   .00   .00   .00   .00   .00  -.99  -.99  -.99  -.99  -.99
  40  D17   -.99   .00  -.88   .00   .00   .00   .00   .00   .07  -.99  -.99  1.24  -.99   .58   .36  1.28   .01   .00   .00   .00   .00   .00   .00   .00   .00  -.99  -.99  -.99  -.99  -.99
  41  D18   -.99  -.88  -.88  -.88  -.88  -.88  -.88  -.88  -.88  -.88  -.88  -.88  -.88  -.88  -.88  -.88  -.88  -.88  -.88  -.88  -.88  -.88  -.88  -.88  -.88  -.99  -.99  -.99  -.99  -.99
  42  D19   -.99  -.88  -.88  -.88  -.88  -.88  -.88  -.88   .15   .59   .80   .94   .46   .09   .02   .01   .00   .00   .00   .00   .00   .00   .00   .00   .00  -.99  -.99  -.99  -.99  -.99
  43  D20   -.99   .00  -.99   .00  -.99   .00  -.99   .00  -.99   .01  -.99   .01  -.99   .01  -.99   .01  -.99   .01  -.99   .01  -.99   .01  -.99   .01  -.99  -.99  -.99  -.99  -.99  -.99
  44  D21   -.99  -.99   .00   .00  -.88  -.88  -.88  -.99  -.88  -.88  -.88  -.88  -.88  -.88  -.88  -.88  -.88  -.99  -.88  -.88  -.88  -.88  -.88  -.88  -.88  -.99  -.99  -.99  -.99  -.99
  45  D22   -.99   .00   .00   .00   .00   .00   .00   .06   .17   .20   .19   .28  -.99   .12   .01   .01   .00   .00   .00   .00   .00   .00   .00   .00   .00  -.99  -.99  -.99  -.99  -.99
  46  D23   -.99  -.99  -.99  -.99  -.99  -.99  -.99  -.99  -.99  -.99  -.99  -.99  -.99  -.99  -.99  -.99  -.99  -.99  -.99  -.99  -.99  -.99  -.99  -.99  -.99  -.99  -.99  -.99  -.99  -.99
  47  D24   -.99   .00   .00   .00   .00   .00   .00   .00   .00   .00   .01   .12   .23   .30   .43   .43   .32   .28   .21   .05   .00   .00   .00   .00   .00  -.99  -.99  -.99  -.99  -.99
  48  D25   -.99  -.99   .00   .00   .00   .01   .00   .06   .00   .04   .01  2.02  1.31  -.88   .18  -.99   .00   .00   .00   .00  -.99   .00  -.99   .00  -.99  -.99  -.99  -.99  -.99  -.99
  49  D26   -.99  -.88  -.88  -.88  -.88  -.88  -.88  -.88  -.88  -.88  -.88  -.88  -.88  -.88  -.88  -.88  -.88  -.88  -.88  -.88  -.88  -.88  -.88  -.88  -.88  -.99  -.99  -.99  -.99  -.99
  50  D27   -.99   .00   .00   .00  -.88   .00   .00   .01   .00   .07   .16  -.88   .09   .31   .53   .46   .24   .09   .00   .00   .00   .00   .00   .00   .00  -.99  -.99  -.99  -.99  -.99
  51  D28   -.99   .00   .00   .00   .00   .00   .00   .00   .00   .00   .16  -.99   .15  -.99   .01  -.99   .17  -.99   .00  -.99   .00   .00   .00  -.88   .00  -.99  -.99  -.99  -.99  -.99
  52  D29   -.99  -.88  -.88  -.88  -.88  -.88  -.88  -.88  -.88  -.88  -.88  -.88  -.88  -.88  -.88  -.88  -.88  -.88  -.88  -.88  -.88  -.88  -.88  -.88   .42  -.99  -.99  -.99  -.99  -.99
  53  D30   -.99   .00   .00   .00   .00   .00   .00   .00   .01   .04   .03   .23   .19   .13   .03   .00   .00   .00   .00   .00   .00   .00   .00   .00   .00  -.99  -.99  -.99  -.99  -.99
  54  D31   -.99   .00   .00   .00   .00   .00   .00   .00   .00   .00   .01   .09   .12   .19   .17   .55   .59   .38   .16   .02   .00   .00   .00   .00   .00  -.99  -.99  -.99  -.99  -.99
  55  D32   -.99  -.88  -.88  -.88  -.88   .01  -.88   .00  -.99   .00   .02   .07   .17   .55   .93   .63   .33   .14  -.99   .00  -.99   .00  -.99   .00  -.99  -.99  -.99  -.99  -.99  -.99
  56  D33   -.99   .00   .00   .00   .00   .00   .00   .00   .00   .00   .00   .00   .35   .42   .13   .03   .01   .00   .00   .00   .00   .00   .00   .00   .00  -.99  -.99  -.99  -.99  -.99
  57  D34   -.99   .00   .00   .00   .00   .27   .71   .39   .24   .97   .68   .16   .01   .00   .00   .00   .00   .00   .00   .00   .00   .00   .00   .00   .00  -.99  -.99  -.99  -.99  -.99
  58  D35   -.99   .00   .00   .00   .00   .00   .00   .09   .43   .38   .27   .24   .10   .02   .00   .00   .00   .00   .00   .00   .00   .00   .00   .00   .00  -.99  -.99  -.99  -.99  -.99
  59  D36   -.99   .00   .00   .00   .00   .00   .05   .26   .23   .18   .08   .01   .00   .00   .00   .00   .00   .00   .00   .00   .00   .00   .00   .00   .00  -.99  -.99  -.99  -.99  -.99
  60  D37   -.99  -.88  -.88  -.88  -.88  -.88  -.99  -.99  -.99  -.88   .33  -.99  -.99  -.99  -.99  -.99  -.99  -.99  -.99  -.99  -.99  -.99  -.99  -.99  -.99  -.99  -.99  -.99  -.99  -.99
  61  D38   -.99  -.88  -.88   .01  -.88  -.88  -.88  -.88   .02   .09   .09   .07   .04  -.88  -.88   .00   .00   .00   .00   .00   .00   .00   .00   .00   .00  -.99  -.99  -.99  -.99  -.99
  62  D39   -.99   .00   .00   .00   .00   .00   .00   .00   .00   .00   .01   .01   .03   .10   .75  1.08  -.88   .88   .73   .38   .10   .01   .00   .00   .00  -.99  -.99  -.99  -.99  -.99
  63  D40   -.99  -.99  -.99  -.99  -.99  -.99  -.99  -.99  -.99  -.99  -.99  -.99  -.99  -.99  -.99  -.99  -.99  -.99  -.99  -.99  -.99  -.99  -.99  -.99  -.99  -.99  -.99  -.99  -.99  -.99
  64  D41   -.99   .00   .00   .00   .00   .00   .00   .00   .00   .00   .00   .05   .00   .14   .81  -.88   .64   .24   .16   .00   .00   .00   .00   .07   .00  -.99  -.99  -.99  -.99  -.99
  65  D42   -.99   .00  -.99   .00  -.99   .00  -.99   .00   .00   .00   .04   .09   .21  1.50  1.00  2.02   .87  1.30   .07   .00   .00   .02  -.99   .06  -.99  -.99  -.99  -.99  -.99  -.99
  66  D43   -.99   .00   .00   .00   .00   .00   .01   .03   .03   .01   .02   .00  -.88  -.88  -.88  -.88  -.88  -.88  -.88   .00   .03   .01   .02   .02  -.88  -.99  -.99  -.99  -.99  -.99
  67  D44   -.99   .00   .00   .00   .00   .18   .47   .47   .68   .56   .31   .03   .00   .00   .00   .00   .00   .00   .00   .00   .00   .00   .00   .00   .00  -.99  -.99  -.99  -.99  -.99
  68  D45   -.99  -.99   .00   .00   .04   .04   .00   .11   .00  1.00  2.84   .87   .16   .07   .05   .12   .03  -.88  -.88  -.88  -.88  -.88  -.88  -.88  -.88  -.99  -.99  -.99  -.99  -.99
  69  D46   -.99   .00  -.88  -.88  -.88  -.88  -.88  -.88  -.88   .00   .00   .00   .00   .00   .00   .00   .00   .00   .00   .00   .00  -.88  -.88  -.88  -.88  -.99  -.99  -.99  -.99  -.99
  70  D47   -.99   .00   .00   .00   .00   .00   .00   .38   .51   .53   .33   .17   .04   .01   .00   .00   .00   .00   .00   .00   .00   .00   .00   .00   .00  -.99  -.99  -.99  -.99  -.99
  71  DK01  -.99  -.99  -.99  -.99  -.99  -.99  -.99  -.99  -.99  -.99  -.99  -.99  -.99   .00   .00   .00   .17  2.23  3.04  1.48   .31   .25   .13   .03   .02   .02   .02   .02   .01  -.99
  72  DK02  -.99  -.99  -.99  -.99  -.99  -.99  -.99  -.99   .00   .00   .00   .00   .00   .22   .88  1.00  1.03   .72   .23   .03   .01   .00   .00   .00   .00   .00   .00   .00   .00   .01
  73  DK03  -.99  -.99  -.99  -.99  -.99   .00   .00   .00   .00   .00   .00   .00   .00   .00   .00   .04   .72   .95   .36   .30   .30   .18   .01   .00   .00   .00   .00   .00   .00  -.99
  74  DK04  -.99  -.99  -.99  -.99  -.99   .00   .00   .00   .00   .00   .00   .00   .00   .00   .00   .00   .00   .00   .02   .08   .17   .16   .02   .00   .00   .00   .00   .00   .00  -.99
  75  DK05  -.99  -.99  -.99  -.99  -.99   .00   .00   .00   .00   .00   .00   .00   .01   .00   .30  2.01  1.30  1.16   .57   .43   .19   .06   .02   .02   .02   .03   .03   .03   .03  -.99
  76  DK06  -.99  -.99  -.99  -.99  -.99   .00   .00   .00   .00  -.99   .00  -.99   .05   .00   .06  2.20   .56   .23   .20  4.34   .36   .02   .07   .02   .07   .03   .00   .02   .00  -.99
  77  DK07  -.99  -.99  -.99  -.99  -.99   .00   .00   .00   .00   .00   .00   .00   .00   .00   .00  1.09  1.44  1.03   .89   .48   .73   .23   .03   .00   .00   .00   .00   .00   .00  -.99
  78  DK08  -.99  -.99  -.99  -.99  -.99   .00   .00   .00   .00   .00   .00   .01   .01   .01   .10   .44   .22   .31   .46   .35   .05   .00   .00   .00   .00   .00   .00   .00   .00  -.99
  79  DK09  -.99  -.99  -.99  -.99  -.99  -.99   .00   .00   .00   .00   .00   .00   .00   .00   .00   .00   .00   .02  -.99   .60   .23   .10   .11   .09   .04   .02   .00   .00   .00   .00
  80  DK10  -.99  -.99  -.99  -.99  -.99   .00   .00   .00   .01   .00   .00   .00   .01   .02  1.55  1.39   .99   .75   .37   .19   .04   .04   .00   .07  -.99   .03  -.99   .07  -.99  -.99
  81  DK11  -.99  -.99  -.99  -.99  -.99  -.99  -.99  -.99  -.99  -.99  -.99  -.99  -.99  -.99  -.99  -.99  -.99  -.99  -.99  -.99  -.99  -.99  -.99  -.99  -.99  -.99  -.99  -.99  -.99  -.99
  82  F01    .00   .00   .00   .00   .00   .01   .01   .05  1.98   .98   .20   .06   .04   .05  -.99  -.99  -.99  -.99  -.99  -.99  -.99  -.99  -.99  -.99  -.99  -.99  -.99  -.99  -.99  -.99
  83  F02    .03   .98  1.92   .03  1.64  3.23   .78   .01   .02   .02   .01   .02   .01   .00   .00   .00   .00   .00   .00   .00   .00   .00   .00  -.99  -.99  -.99  -.99  -.99  -.99  -.99
  84  F03    .00   .00   .00   .00  1.41   .95   .07   .00   .00   .00   .00   .00   .00   .00   .00   .00   .00   .00   .00   .00   .00   .00   .00  -.99  -.99  -.99  -.99  -.99  -.99  -.99
  85  F04    .00   .00   .00   .00   .00   .00   .01   .03   .02   .03   .02   .03   .03   .03   .03  -.99  -.99  -.99  -.99  -.99  -.99  -.99  -.99  -.99  -.99  -.99  -.99  -.99  -.99  -.99
  86  F05    .00   .00   .00   .00   .00   .00   .00  -.88   .09  -.88  -.88   .08   .05  -.88  -.88   .03   .07  -.88  -.88   .07   .08  -.88   .07  -.99  -.99  -.99  -.99  -.99  -.99  -.99
  87  F06   -.88  -.88  -.88  -.88  -.88  -.88  -.88  -.88  -.88  -.88  -.88  -.88  -.88  -.88  -.88  -.88  -.88  -.88  -.88  -.88  -.88  -.88  -.88  -.99  -.99  -.99  -.99  -.99  -.99  -.99
  88  F07    .00   .00   .00   .00   .00   .00   .00   .00   .00   .00   .00   .00   .00   .00   .00   .00   .00   .00   .00   .00   .00   .00   .00  -.99  -.99  -.99  -.99  -.99  -.99  -.99
  89  F08    .00   .00   .00   .00   .00   .00   .00   .00   .00   .00   .00   .00   .00   .00   .00   .00   .00   .00   .00   .00   .00   .00   .00  -.99  -.99  -.99  -.99  -.99  -.99  -.99
  90  F09   -.88  -.88  -.88  -.88  -.88  -.88  -.88  2.84   .00   .00   .02   .00   .00   .00   .00   .00   .00   .00   .00   .00   .00   .00   .00  -.99  -.99  -.99  -.99  -.99  -.99  -.99
  91  F10   -.99  -.99  -.99  -.99  -.99  -.99  -.99   .00   .00   .00   .00   .00   .00   .00   .00   .00   .00   .00   .00   .00   .00   .00   .00  -.99  -.99  -.99  -.99  -.99  -.99  -.99
  92  F11   -.99  -.99  -.99   .02   .02   .00   .05   .02   .00   .00   .00   .00  -.99  -.99  -.99  -.99  -.99  -.99  -.99  -.99  -.99  -.99  -.99  -.99  -.99  -.99  -.99  -.99  -.99  -.99
  93  F12    .00   .00   .00   .00   .00   .00   .00   .00   .00   .00   .00   .00   .00   .00   .00   .00   .00   .00   .00   .00   .00   .00   .00  -.99  -.99  -.99  -.99  -.99  -.99  -.99
  94  F13    .00   .00   .00   .00   .00   .12   .29   .05   .00   .00   .00   .00   .00   .00   .00   .00   .00   .00   .00   .00   .00   .00   .00  -.99  -.99  -.99  -.99  -.99  -.99  -.99
  95  F14   -.88  -.88  -.88  -.88  -.88  -.88  -.88  -.88   .04   .07   .07   .08   .14   .12  -.88  -.88  -.88  -.88  -.88  -.88  -.88  -.88  -.88  -.99  -.99  -.99  -.99  -.99  -.99  -.99
  96  F15    .00   .00   .00   .00   .00   .90  1.58  1.68   .41   .07   .00   .00   .00   .00   .00   .00   .00   .00   .00   .00   .00   .00   .00  -.99  -.99  -.99  -.99  -.99  -.99  -.99
  97  F16    .00   .00   .00   .00   .07  1.21  -.99   .66   .07   .02   .00   .00   .00   .00   .00  -.99  -.99  -.99  -.99  -.99  -.99  -.99  -.99  -.99  -.99  -.99  -.99  -.99  -.99  -.99
  98  F17    .00   .00   .00   .00   .00   .00   .00   .00   .00   .00   .00   .00   .00   .00   .00   .00   .00   .00   .00   .00   .00  -.88   .00  -.88  -.99  -.99  -.99  -.99  -.99  -.99
  99  F18   -.99  -.99  -.99  -.99  -.99  -.99  -.99  -.99  -.99  -.99  -.99  -.99  -.99  -.99  -.99  -.99  -.99  -.99  -.99  -.99  -.99  -.99  -.99  -.99  -.99  -.99  -.99  -.99  -.99  -.99
 100  F19    .00   .00   .04  1.49  1.47  2.27  2.46   .72   .01   .01   .01   .01   .01   .01   .00   .00   .00   .00   .00   .00   .00   .00   .00  -.99  -.99  -.99  -.99  -.99  -.99  -.99
 101  F20    .05   .00   .05   .55  1.68  -.88  1.18  -.88   .87   .05   .06   .00   .00   .00   .00   .00   .00   .00   .00   .00   .00   .00   .00  -.99  -.99  -.99  -.99  -.99  -.99  -.99
 102  F21    .90  9.29 12.57  2.68   .00   .87   .92   .00   .00   .00   .00   .00   .00   .00   .00   .01   .00   .00   .00   .00   .00  -.88  1.39  -.99  -.99  -.99  -.99  -.99  -.99  -.99
 103  F22    .00   .00   .06   .04   .00   .01   .92  1.91   .12   .04   .01   .01   .00   .00   .00   .00   .00   .00   .00   .00   .00   .00   .00  -.99  -.99  -.99  -.99  -.99  -.99  -.99
 104  F23    .00   .00   .00   .00   .00   .00   .00   .00   .00   .00   .00   .00   .00   .00   .00   .00   .00   .00   .00   .00   .00   .00   .00  -.99  -.99  -.99  -.99  -.99  -.99  -.99
 105  F24    .00   .00   .00   .00   .00   .00   .00   .08   .00   .00   .00   .00   .00  -.99  -.99  -.99  -.99  -.99  -.99  -.99  -.99  -.99  -.99  -.99  -.99  -.99  -.99  -.99  -.99  -.99
 106  F25    .00   .00   .00   .00   .00   .00   .00   .00   .00   .00  -.88   .00   .00   .00   .00   .00   .00   .00   .00   .00   .00   .00   .00  -.99  -.99  -.99  -.99  -.99  -.99  -.99
 107  F26    .00   .00   .00   .00   .00   .00   .00  -.88  -.88  -.88  -.88  -.99  -.88  -.88  -.88  -.88  -.88  -.88  -.88  -.88  -.88  -.99  -.88  -.99  -.99  -.99  -.99  -.99  -.99  -.99
 108  F27    .00   .00   .22  1.59   .93  2.12  2.42   .36   .00   .00   .00   .00   .00   .00  1.25   .00   .00   .00   .00   .00   .00   .00   .00  -.99  -.99  -.99  -.99  -.99  -.99  -.99
 109  H01   -.99  -.99  -.99  -.99  -.99  -.99  -.99   .00  -.99   .00  -.99   .00   .05   .00   .10   .19  1.20   .76  1.05   .41   .22   .08   .12   .02   .04   .00   .03   .01  -.99   .00
 110  H02   -.99  -.99  -.99  -.99  -.99  -.99  -.99   .00   .00   .00   .00   .00   .05   .28   .52   .34   .12   .10   .04   .02   .02   .01   .00   .00   .00   .00   .01   .03   .01   .00
 111  H03   -.99  -.99  -.99  -.99  -.99  -.99  -.99   .00   .00   .00   .00   .00   .00   .00   .00   .00   .00   .00   .00   .00   .00   .00   .00   .00   .00   .00   .00   .00   .00   .00
 112  H04   -.99  -.99  -.99  -.99  -.99  -.99  -.99   .00   .00   .00   .00   .00   .00   .02   .03   .02   .01   .01   .01   .00   .00   .00   .00   .00   .02   .00   .00   .00   .00   .00
 113  N01   -.99  -.99  -.99  -.99  -.99   .00   .00   .00   .00   .00   .00   .00   .00   .00   .00   .00   .00   .00   .01   .02   .13   .16   .17   .22   .18   .22   .22   .14   .04  -.99
 114  N02   -.99  -.99  -.99  -.99  -.99  -.99  -.99   .00   .00   .00   .00   .00   .00   .00   .00   .00   .00   .00   .00   .00   .00   .00   .00   .00   .00   .00   .00   .00   .01   .01
 115  N04   -.99  -.99  -.99  -.99  -.99  -.99   .00   .00   .00   .00   .00   .00   .00   .00   .00   .00   .00   .22   .61  1.22  1.01   .15   .00   .01   .00   .00   .00   .00   .00   .00
 116  N05   -.99  -.99  -.99  -.99  -.99  -.99  -.99  -.99   .00  -.99   .00  -.99   .00  -.99   .00   .00  -.99   .00  -.99   .00  -.99   .00  -.99   .00  -.99   .14  -.99   .27  -.99   .18
 117  N06   -.99  -.99  -.99  -.99  -.99  -.99   .00   .00   .00   .00   .00   .00   .00   .00   .00   .00   .00   .00   .00   .01   .00   .00   .01   .00   .00   .00   .00   .00   .00   .00
 118  N07   -.99  -.99  -.99  -.99  -.99  -.99  -.99   .00   .00   .00   .00   .00   .00   .00   .00   .00   .01   .09   .37   .32   .19   .34   .33   .17   .13   .11   .08   .06   .03   .01
 119  NL01  -.99  -.99  -.99   .00   .00   .00   .01   .28   .10   .00  1.42  1.74   .19   .01   .00   .00   .00   .00   .00   .00   .00   .00   .00   .00   .00  -.99  -.99  -.99  -.99  -.99
 120  NL02  -.99  -.99  -.99  -.99  -.99   .00   .00   .00   .01   .01   .17  -.88  2.61   .07   .04   .04   .03  -.99  -.99  -.99  -.99  -.99  -.99  -.99  -.99  -.99  -.99  -.99  -.99  -.99
 121  NL03  -.99  -.99  -.99  -.99  -.99  -.99  -.99  -.99  -.88  -.88  -.88   .05  -.88  -.88  -.88  -.88   .06  -.88  -.88  -.88  -.88  -.88  -.88  -.88  -.88  -.99  -.99  -.99  -.99  -.99
 122  NL04  -.99   .00   .00   .00   .00   .00   .00   .00   .00   .00   .00   .21  1.43   .60   .03   .00   .00   .00  -.88   .06  -.99  -.99  -.99  -.99  -.99  -.99  -.99  -.99  -.99  -.99
 123  NL05  -.99   .00   .00   .00   .00   .00   .01   .01   .00   .10  1.99  1.04   .00   .02   .11   .12   .08  -.99  -.99  -.99  -.99  -.99  -.99  -.99  -.99  -.99  -.99  -.99  -.99  -.99
 124  NL06  -.99   .00   .00   .00   .00   .00   .00   .00   .00   .00   .00  -.99  -.99  -.99  -.99  -.99  -.99  -.99  -.99  -.88  -.88  -.88  -.88  -.88  -.88  -.99  -.99  -.99  -.99  -.99
 125  NL07  -.99   .00   .00  -.99   .00   .00   .00   .00   .00   .00   .00   .01   .00   .00   .00   .00   .00  -.99  -.99  -.99  -.99  -.99  -.99  -.99  -.99  -.99  -.99  -.99  -.99  -.99
 126  NL08  -.99  -.99   .00   .00   .00  -.88   .00  -.88  -.88  -.88  -.88  -.88  -.88  -.88  -.88  -.88  -.88  -.88  -.88  -.88   .15  -.88  -.88  -.88   .00  -.99  -.99  -.99  -.99  -.99
 127  NL09  -.99   .00   .00   .00   .00   .00   .00   .00   .00   .00   .28   .01   .08   .02   .00   .00   .00   .00   .00   .00   .00   .00   .00   .00   .00  -.99  -.99  -.99  -.99  -.99
 128  PL01  -.99  -.99  -.99  -.99  -.99  -.99  -.99  -.88   .00   .00   .00   .00   .00   .00   .00   .00   .00   .00   .00   .00   .00   .01   .02   .01   .01   .00   .00   .00   .00   .00
 129  PL02  -.99  -.99  -.99  -.99  -.99  -.99  -.99   .00   .00   .00   .00   .00   .00   .00   .00   .00   .00   .13   .48   .41   .45   .41   .23   .09   .09   .13   .09   .08   .08   .08
 130  PL03  -.99  -.99  -.99  -.99  -.99  -.99  -.99   .00   .00   .00   .00   .00   .00   .13   .28   .42   .72   .68   .44   .15   .07   .05   .00   .03   .07   .01   .01   .01   .01   .01
 131  PL04  -.99  -.99  -.99  -.99  -.99  -.99  -.99   .00   .00   .00   .00   .00   .00   .01   .06   .08   .09   .11   .09   .19   .31   .25   .01   .00   .00   .00   .00   .00   .00   .00
 132  PL05  -.99  -.99  -.99  -.99  -.99  -.99  -.99   .00   .00   .00   .00   .00   .00   .00   .00   .11   .25   .13   .25   .27   .22   .19   .08   .04   .02   .01   .00   .00   .00   .00
 133  PL06  -.99  -.99  -.99  -.99  -.99  -.99  -.99   .00   .00   .00   .00   .00   .00   .00   .05   .03   .04   .05   .05   .10   .23   .12   .00   .00   .00   .00   .00   .00   .00   .00
 134  PL07  -.99  -.99  -.99  -.99  -.99  -.99  -.99   .00   .00   .00   .00   .00   .00   .00   .00   .00   .00   .00   .00   .00   .00   .00   .08   .15   .08   .16   .09   .03   .01   .00
 135  PL08  -.99  -.99  -.99  -.99  -.99  -.99  -.99   .00   .03   .00   .02  1.11   .19  1.94  1.20  1.23  1.97  1.49   .46   .17   .08   .00   .13   .00   .12   .00   .14   .00   .00   .00
 136  R01   -.99  -.99  -.99  -.99  -.99  -.99  -.99   .00   .06  -.99   .20   .13   .13   .12   .08   .11   .02   .00   .02   .01   .01   .00   .00   .00   .00  -.99  -.99  -.99  -.99  -.99
 137  R02   -.99  -.99  -.99  -.99  -.99  -.99  -.99   .00   .00   .00   .00   .00   .00   .00   .00   .00   .00   .00   .00   .00   .05   .10   .12   .09   .10   .09   .08   .08   .07   .06
 138  S01   -.99  -.99  -.99  -.99  -.99   .00   .00   .00   .00   .00   .00   .00   .00   .00   .00   .00   .00   .00   .00   .00   .00   .00   .00   .00   .00   .00   .00   .00   .00  -.99
 139  S02   -.99  -.99  -.99  -.99  -.99   .00   .00   .00  -.88  -.88   .00   .00   .00  -.88  -.88   .00   .00   .00   .09   .16   .03  -.99  -.99  -.99  -.99   .02   .03   .00   .00  -.99
 140  S03   -.99  -.99  -.99  -.99  -.99   .00   .00   .00   .00   .00   .00   .00   .00   .00   .00   .00   .00   .00   .00  -.99  -.99  -.99  -.99  -.99  -.99  -.99  -.99  -.99  -.99  -.99
 141  S04   -.99  -.99  -.99  -.99  -.99  -.88   .00   .00   .00   .00   .00   .00   .00   .00   .00   .00   .00   .00   .00   .00   .00  -.99  -.99  -.99  -.99  -.99  -.99  -.99  -.99  -.99
 142  S05   -.99  -.99  -.99  -.99  -.99  -.88  -.88   .00   .00   .00   .00   .00   .00   .00   .00   .00   .00   .00   .00   .00   .00   .00   .00   .02   .06   .00   .00   .00   .00  -.99
 143  S06   -.99  -.99  -.99  -.99  -.99   .00   .00   .00   .00   .00   .00   .00   .00   .00   .00   .00   .00   .00   .00   .00   .00   .00   .00   .01   .00   .00   .00   .00   .00  -.99
 144  S07   -.99  -.99  -.99  -.99  -.99   .00   .00   .00   .00   .00   .00   .00   .00   .00   .00   .00   .01   .22   .05   .05   .14   .11   .01   .00   .01   .00   .01   .00   .01  -.99
 145  S08   -.99  -.99  -.99  -.99  -.99   .00   .00   .00   .00   .00   .00   .00   .00   .00   .00   .00   .00   .01   .03   .02   .14   .21   .11   .01   .00   .00   .01   .00   .00  -.99
 146  S09   -.99  -.99  -.99  -.99  -.99   .00   .00   .00   .00   .00   .00   .00   .00   .00   .00   .00   .00   .01   .00   .01  -.88   .00   .00   .00   .01   .01   .01   .01   .01  -.99
 147  S10   -.99  -.99  -.99  -.99  -.99   .00   .00   .00   .00   .00   .00   .00   .00   .00   .00   .00   .01   .04   .03   .15   .29   .09   .00   .00   .00   .00   .00   .00   .00  -.99
 148  S11   -.99  -.99  -.99  -.99  -.99   .00   .00   .00   .00   .00   .00   .00   .00   .00   .00   .00   .00   .00   .00   .00   .00   .00   .00   .01   .01   .01   .01   .02   .02  -.99
 149  S12   -.99  -.99  -.99  -.99  -.99   .00   .00   .00  -.88  -.88  -.88   .05   .00   .00   .00   .00   .00   .00   .00   .00   .00   .00   .02  -.88  -.88   .00  -.88   .04  1.25  -.99
 150  S13   -.99  -.99  -.99  -.99  -.99   .00   .00   .00   .00   .00   .00   .00   .00   .00   .00   .00   .00   .00   .00   .00   .00   .00   .00   .00   .00   .00   .00   .00   .00  -.99
 151  S14   -.99  -.99  -.99  -.99  -.99   .00   .00   .00   .00   .00   .00   .00   .00   .00   .00   .00   .00   .00   .00   .00   .00   .01   .08   .04   .00   .00   .00   .00   .00  -.99
 152  S15   -.99  -.99  -.99  -.99  -.99   .00   .00   .00   .00   .00   .00   .00   .00   .00   .00   .00   .00   .00   .00   .00   .00   .00   .02   .03   .00   .00   .00   .00   .00  -.99
 153  S16   -.99  -.99  -.99  -.99  -.99   .00   .00   .00   .00   .00   .00   .00   .00   .00   .00   .00   .00   .00   .00   .00   .00   .00   .00   .00   .00   .02   .01   .01   .00  -.99
 154  S17   -.99  -.99  -.99  -.99  -.99   .00   .00   .00   .00   .00   .00   .00   .00   .00   .00   .00   .00   .00   .00   .00   .00   .00   .00   .00   .00   .00   .00   .00   .00  -.99
 155  S18   -.99  -.99  -.99  -.99  -.99   .00   .00   .00   .00   .00   .00   .00   .00   .00   .00   .00   .00   .00   .00   .00   .00   .00   .00   .00   .02   .02   .01   .00   .01  -.99
 156  SF01  -.99  -.99  -.99  -.99  -.99  -.99  -.99   .00   .00   .00   .00   .00   .00   .00   .00   .00   .00   .00   .00   .00   .00   .00   .00   .00   .00   .00   .00   .00   .00   .00
 157  SF02   .00   .00   .00   .00   .00   .00   .00   .00   .00   .00   .00   .00   .00   .00   .00   .00   .00   .00   .00   .00   .00   .00   .00   .00   .00   .00   .00   .00   .00   .00
 158  SR01  -.99  -.99  -.99  -.99  -.99  -.99  -.99   .00   .00   .00   .00   .00   .00   .07   .35   .73   .74   .80   .82   .67   .55   .45   .24   .08  -.99   .03   .04   .04   .03   .00
 159  SR02  -.99  -.99  -.99  -.99  -.99  -.99  -.99   .00   .00  -.99   .00   .00   .00   .00   .00   .00   .00   .10   .31   .44   .49   .30   .11   .02   .05   .07   .05   .04   .00   .00
 160  SR03  -.99  -.99  -.99  -.99  -.99  -.99  -.99   .00   .00   .00   .00   .00   .00   .00   .00   .00   .02   .08   .11   .14   .21   .24   .20   .16   .15   .16   .15   .14   .08   .01
 161  SR04  -.99  -.99  -.99  -.99  -.99  -.99  -.99   .00   .00   .00   .00   .00   .00   .00   .00   .00   .00   .00   .00   .00   .02   .15   .33   .24   .25   .08   .01   .02   .03   .03
 162  UK01  -.99  -.88  -.99   .00   .00   .00   .00   .00   .00   .00   .00   .00   .00   .01   .00   .03   .01   .68   .00   .06  -.99  -.99  -.99  -.99  -.99  -.99  -.99  -.99  -.99  -.99
 163  UK02  -.99  -.99  -.99  -.99  -.99  -.99  -.99  -.99  -.99  -.88  -.88  -.88  -.99  -.99  -.99  -.99  -.99  -.99  -.99   .00   .00   .00   .00   .00   .00  -.99  -.99  -.99  -.99  -.99
 164  UK03  -.99   .00   .00   .00   .00   .03   .01   .00   .00   .00   .00   .00   .00   .00   .00   .00  -.99   .00   .00   .00   .00   .00   .00   .00   .00  -.99  -.99  -.99  -.99  -.99
 165  UK04  -.99   .00   .00   .00   .00   .00   .00   .00   .00   .00   .00   .00   .00   .00   .00   .00   .00   .00   .00   .00   .00   .00   .00   .00   .00  -.99  -.99  -.99  -.99  -.99
 166  UK05  -.99   .00   .00   .00   .00   .00   .00   .00   .00   .00   .00   .00   .00   .00   .00   .00   .00   .00   .00   .00   .00   .00   .00   .00   .00  -.99  -.99  -.99  -.99  -.99
 167  UK06  -.99   .00   .00   .00   .00   .00   .00   .00   .00   .00   .00   .00   .00  -.99   .01   .02   .02   .02   .02   .01   .00   .00   .01   .00   .00  -.99  -.99  -.99  -.99  -.99
 168  UK07  -.99   .00   .00   .00   .00   .00   .00   .00   .00   .00   .00   .00   .00   .00   .00   .00   .00   .00   .00   .00   .00   .00   .00   .00   .00  -.99  -.99  -.99  -.99  -.99 
